63,2
63,1
63,0
62,3
62,2
62,1
62,0
61,3
61,2
61,1
61,0
60,3
60,2
60,1
60,0
59,3
59,2
59,1
59,0
58,3
58,2
58,1
58,0
57,3
57,2
57,1
57,0
56,3
56,2
56,1
56,0
55,3
55,2
55,1
55,0
54,3
54,2
54,1
54,0
53,3
53,2
53,1
53,0
52,3
52,2
52,1
52,0
51,3
51,2
51,1
51,0
50,3
50,2
50,1
50,0
49,3
49,2
49,1
49,0
48,3
48,2
48,1
48,0
47,3
47,2
47,1
47,0
46,3
46,2
46,1
46,0
44,10
44,9
44,8
44,7
44,6
44,5
44,4
44,3
44,2
44,1
44,0
43,3
43,2
43,1
43,0
42,4
42,3
42,2
42,1
42,0
4,3
4,2
4,1
4,0
3,6
3,5
3,4
3,3
3,2
3,1
3,0
2,3
2,2
2,1
2,0
1,3
1,2
1,1
1,0
0,459
0,443
0,436
0,324
0,243
0,9
0,0
0,1
0,433
0,300
0,299
0,298
0,431
0,297
0,464
0,296
0,463
0,295
0,424
0,294
0,423
0,293
0,422
0,292
0,462
0,291
0,421
0,290
0,420
0,289
0,419
0,288
0,287
0,418
0,286
0,417
0,285
0,416
0,284
0,415
0,283
0,461
0,282
0,460
0,281
0,409
0,280
0,408
0,279
0,407
0,278
0,406
0,277
0,458
0,276
0,457
0,275
0,401
0,274
0,400
0,273
0,456
0,272
63,3
64,0
64,2
64,3
67,1
67,2
69,0
69,2
69,3
70,1
70,2
71,0
71,2
71,3
72,1
72,2
72,4
72,5
72,7
72,9
72,10
72,12
72,13
72,15
72,17
72,18
72,20
72,21
72,23
72,24
72,26
72,28
72,29
72,31
72,32
72,34
72,64
72,65
72,67
72,68
72,70
72,71
72,73
72,75
72,76
72,78
72,79
72,81
72,83
72,84
72,86
72,87
73,1
73,3
74,0
74,2
74,3
75,1
75,2
76,0
76,2
76,3
77,1
77,2
78,0
78,2
78,3
79,1
79,2
79,3
79,0
78,1
77,3
77,0
76,1
75,3
75,0
74,1
73,2
73,0
72,85
72,82
72,80
72,77
72,74
72,72
72,69
72,66
72,35
72,33
72,30
72,27
72,25
72,22
72,19
72,16
72,14
72,11
72,8
72,6
72,3
72,0
71,1
70,3
70,0
69,1
67,3
67,0
64,1
0,455
0,271
0,390
0,270
0,389
0,269
0,388
0,268
0,454
0,267
0,387
0,266
0,386
0,265
0,385
0,264
0,453
0,263
0,384
0,262
0,383
0,261
0,382
0,260
0,381
0,259
0,380
0,258
0,452
0,257
0,379
0,256
0,377
0,255
0,376
0,254
0,253
0,375
0,252
0,374
0,251
0,373
0,250
0,451
0,249
0,372
0,248
0,371
0,247
0,370
0,246
0,369
0,245
0,368
0,244
0,367
0,242
0,366
0,241
0,450
0,240
0,365
0,239
0,364
0,238
0,363
0,237
0,449
0,236
0,362
0,235
0,361
0,234
0,360
0,233
0,232
0,359
0,231
0,358
0,230
0,357
0,229
0,448
0,228
0,356
0,227
0,355
0,226
0,354
0,225
0,447
0,224
0,353
0,223
0,352
0,222
0,351
0,221
0,446
0,220
0,350
0,219
0,347
0,218
0,346
0,217
0,445
0,216
0,345
0,215
0,344
0,214
0,343
0,213
0,490
0,212
0,342
0,211
0,341
0,210
0,340
0,209
0,444
0,208
0,339
0,207
0,206
0,337
0,205
0,442
0,204
0,484
0,203
0,335
0,202
0,334
0,201
0,438
0,200
0,333
0,199
0,483
0,198
0,482
0,197
0,437
0,196
0,327
0,195
0,326
0,194
0,481
0,193
0,480
0,192
0,323
0,63
0,322
0,62
0,321
0,61
0,60
0,320
0,59
0,319
0,58
0,318
0,57
0,317
0,56
0,434
0,55
0,316
0,54
0,315
0,53
0,52
0,313
0,51
0,312
0,50
0,311
0,49
0,310
0,48
0,309
0,47
0,308
0,46
0,307
0,45
0,301
0,6
0,5
0,304
0,303
0,306
0,305
0,302
0,12
0,348
0,10
0,8
0,11
0,4
0,2
0,3
0,7
